  83  33 148 161 172 177 217 244  87 150 220 130  58  40  51  92
 117  75 209   1 169 178 109 110 187 183  99  10  47 186 251 239
 229 222 133 142  61  61  33 140 178  37  22  29  81  75 105 161
 174 101 231 250 238 198 165 163 118  70 236 221 226 246  69 143
  83 133  33  95 182 161 252   4   1  27 223 188 249  36   7 229
  84  52 141  71 230 216  96  66 229 221 158 159 101 155  12  50
  69 198  19 248 112 222 244 129  51 239  33 127 210 195 140 161
 127 159 154  48 137 210  46 160 114  46  42  16   4 194  12 212
  39 189 187  15  11 237 129  61  77  52  84  77  34 136  35  49
  29 128 207 233  30 193
